0,1,2,
2,3,0,
1,4,5,
5,2,1,
4,6,7,
7,5,4,
6,8,9,
9,7,6,
8,10,11,
11,9,8,
10,12,13,
13,11,10,
12,14,15,
15,13,12,
16,17,18,
18,19,16,
17,20,21,
21,18,17,
20,22,23,
23,21,20,
22,24,25,
25,23,22,
24,26,27,
27,25,24,
26,28,29,
29,27,26,
28,30,31,
31,29,28,
32,33,34,
34,17,32,
34,35,20,
20,17,34,
35,36,22,
22,20,35,
36,37,24,
24,22,36,
37,38,26,
26,24,37,
38,39,28,
28,26,38,
39,40,30,
30,28,39,
41,42,35,
35,34,41,
42,43,36,
36,35,42,
43,44,37,
37,36,43,
44,45,38,
38,37,44,
45,46,39,
39,38,45,
46,47,40,
40,39,46,
3,2,41,
41,48,3,
2,5,42,
42,41,2,
5,7,43,
43,42,5,
7,9,44,
44,43,7,
9,11,45,
45,44,9,
11,13,46,
46,45,11,
13,15,47,
47,46,13,
48,41,34,
34,33,48,
19,18,49,
49,50,19,
18,21,51,
51,49,18,
21,23,52,
52,51,21,
23,25,53,
53,52,23,
25,27,54,
54,53,25,
27,29,55,
55,54,27,
29,31,56,
56,55,29,
49,51,57,
57,58,49,
51,52,59,
59,57,51,
52,53,60,
60,59,52,
53,54,61,
61,60,53,
54,55,62,
62,61,54,
55,56,63,
63,62,55,
64,65,58,
58,1,64,
58,57,4,
4,1,58,
57,59,6,
6,4,57,
59,60,8,
8,6,59,
60,61,10,
10,8,60,
61,62,12,
12,10,61,
62,63,14,
14,12,62,
66,67,50,
50,49,66,
32,17,16,
3,48,68,
48,33,69,
69,70,48,
19,50,71,
64,1,0,
66,49,58,
58,65,66,
72,73,74,
74,75,72,
76,0,3,
3,77,76,
14,78,79,
79,15,14,
80,81,82,
82,83,80,
84,16,19,
19,85,84,
30,86,87,
87,31,30,
88,89,81,
81,80,88,
90,32,16,
16,84,90,
40,91,86,
86,30,40,
92,93,89,
89,88,92,
94,68,95,
95,96,94,
47,97,91,
91,40,47,
75,74,93,
93,92,75,
77,3,68,
68,94,77,
15,79,97,
97,47,15,
98,99,87,
87,86,98,
83,82,100,
100,101,83,
85,19,71,
71,102,85,
31,87,99,
99,56,31,
101,100,103,
103,104,101,
102,71,105,
105,106,102,
56,99,98,
98,63,56,
104,103,73,
73,72,104,
107,64,0,
0,76,107,
63,98,78,
78,14,63,
94,96,32,
32,90,94,
98,86,91,
91,97,98,
102,106,64,
64,107,102,
98,97,79,
79,78,98,
108,109,110,
110,111,108,
109,72,75,
75,110,109,
73,76,77,
77,74,73,
112,113,114,
114,115,112,
113,80,83,
83,114,113,
81,84,85,
85,82,81,
116,117,113,
113,112,116,
117,88,80,
80,113,117,
89,90,84,
84,81,89,
118,119,117,
117,116,118,
119,92,88,
88,117,119,
93,94,90,
90,89,93,
120,121,122,
122,123,120,
111,110,119,
119,118,111,
110,75,92,
92,119,110,
74,77,94,
94,93,74,
116,112,115,
115,124,116,
115,114,125,
125,124,115,
114,83,101,
101,125,114,
82,85,102,
102,100,82,
124,125,126,
126,127,124,
125,101,104,
104,126,125,
100,102,107,
107,103,100,
128,129,130,
130,131,128,
127,126,109,
109,108,127,
126,104,72,
72,109,126,
103,107,76,
76,73,103,
116,124,127,
127,108,116,
116,108,111,
111,118,116,
132,133,134,
134,135,132,
136,137,138,
138,139,136,
133,132,69,
69,33,133,
132,135,96,
96,69,132,
135,134,32,
32,96,135,
134,133,33,
33,32,134,
121,120,95,
95,68,121,
120,123,70,
70,95,120,
123,122,48,
48,70,123,
122,121,68,
68,48,122,
137,136,96,
96,95,137,
136,139,69,
69,96,136,
139,138,70,
70,69,139,
138,137,95,
95,70,138,
140,141,142,
142,143,140,
144,145,146,
146,147,144,
50,67,143,
143,142,50,
67,105,140,
140,143,67,
105,71,141,
141,140,105,
71,50,142,
142,141,71,
64,106,131,
131,130,64,
106,66,128,
128,131,106,
66,65,129,
129,128,66,
65,64,130,
130,129,65,
106,105,147,
147,146,106,
105,67,144,
144,147,105,
67,66,145,
145,144,67,
66,106,146,
146,145,66,
148,149,150,
150,151,148,
150,149,152,
152,153,150,
153,152,154,
154,155,153,
155,154,156,
156,157,155,
157,156,158,
158,159,157,
159,158,160,
160,161,159,
161,160,162,
162,163,161,
163,162,164,
164,165,163,
166,167,168,
168,169,166,
166,169,170,
170,171,166,
171,170,172,
172,173,171,
173,172,174,
174,175,173,
175,174,176,
176,177,175,
177,176,178,
178,179,177,
179,178,180,
180,181,179,
181,180,182,
182,183,181,
184,150,153,
153,185,184,
185,153,155,
155,186,185,
186,155,157,
157,187,186,
187,157,159,
159,188,187,
188,159,161,
161,189,188,
189,161,163,
163,190,189,
190,163,165,
165,191,190,
191,165,167,
167,192,191,
192,167,166,
166,193,192,
193,166,171,
171,194,193,
194,171,173,
173,195,194,
195,173,175,
175,196,195,
196,175,177,
177,197,196,
197,177,179,
179,198,197,
198,179,181,
181,199,198,
181,183,199,
184,200,151,
151,150,184,
200,184,201,
201,202,200,
202,201,203,
203,204,202,
204,203,205,
205,206,204,
206,205,207,
207,208,206,
209,208,207,
207,210,209,
208,211,212,
212,206,208,
204,213,214,
214,202,204,
202,214,215,
215,200,202,
200,215,148,
148,151,200,
206,212,213,
213,204,206,
216,211,208,
208,209,216,
165,164,168,
168,167,165,
217,218,149,
149,148,217,
219,152,149,
149,218,219,
220,154,152,
152,219,220,
221,156,154,
154,220,221,
222,158,156,
156,221,222,
223,160,158,
158,222,223,
224,162,160,
160,223,224,
225,164,162,
162,224,225,
169,168,226,
226,227,169,
228,170,169,
169,227,228,
229,172,170,
170,228,229,
230,174,172,
172,229,230,
231,176,174,
174,230,231,
232,178,176,
176,231,232,
233,180,178,
178,232,233,
234,182,180,
180,233,234,
235,219,218,
218,236,235,
237,220,219,
219,235,237,
238,221,220,
220,237,238,
239,222,221,
221,238,239,
240,223,222,
222,239,240,
241,224,223,
223,240,241,
242,225,224,
224,241,242,
243,226,225,
225,242,243,
244,227,226,
226,243,244,
245,228,227,
227,244,245,
246,229,228,
228,245,246,
247,230,229,
229,246,247,
248,231,230,
230,247,248,
249,232,231,
231,248,249,
250,233,232,
232,249,250,
250,234,233,
218,217,251,
251,236,218,
252,253,236,
236,251,252,
254,255,253,
253,252,254,
256,257,255,
255,254,256,
258,259,257,
257,256,258,
260,261,259,
259,258,260,
256,212,211,
211,258,256,
252,214,213,
213,254,252,
251,215,214,
214,252,251,
217,148,215,
215,251,217,
254,213,212,
212,256,254,
262,258,211,
211,216,262,
226,168,164,
164,225,226,
209,210,263,
260,258,262,
183,264,265,
265,266,183,
266,265,267,
267,268,266,
268,267,269,
269,270,268,
270,269,271,
271,272,270,
273,274,275,
275,276,273,
276,275,277,
277,278,276,
277,279,278,
279,280,281,
281,278,279,
278,281,282,
282,276,278,
276,282,283,
283,273,276,
284,283,282,
282,285,284,
285,282,281,
281,286,285,
286,281,280,
280,287,286,
288,284,285,
285,289,288,
285,290,289,
291,290,285,
285,286,291,
286,292,291,
293,292,286,
286,287,293,
294,295,296,
296,297,294,
297,296,199,
199,298,297,
199,183,298,
298,299,297,
297,299,300,
300,294,297,
301,300,299,
299,302,301,
301,302,303,
303,304,301,
183,305,306,
306,298,183,
298,306,307,
307,299,298,
299,307,308,
308,302,299,
183,266,305,
266,268,305,
304,303,309,
309,310,304,
310,309,311,
311,312,310,
312,311,313,
313,314,312,
315,313,308,
308,316,315,
311,309,303,
303,302,311,
316,308,307,
307,317,316,
307,306,317,
318,319,320,
320,321,318,
321,320,322,
322,323,321,
323,322,324,
324,325,323,
325,324,326,
326,327,325,
328,270,272,
268,270,328,
328,305,268,
305,328,326,
326,306,305,
326,328,272,
272,327,326,
327,329,330,
330,325,327,
331,323,325,
325,330,331,
304,310,332,
332,333,304,
333,332,334,
334,335,333,
335,334,336,
336,337,335,
338,339,340,
340,341,338,
341,340,342,
342,343,341,
343,342,344,
344,345,343,
344,346,345,
345,346,347,
347,348,345,
347,349,348,
348,349,350,
350,351,348,
350,352,351,
351,352,353,
353,354,351,
354,353,355,
355,356,354,
356,355,357,
357,358,356,
338,337,336,
336,339,338,
310,312,359,
359,332,310,
360,359,312,
312,314,360,
334,332,359,
359,361,334,
361,359,360,
360,362,361,
362,360,363,
363,364,362,
362,365,366,
366,361,362,
361,366,336,
336,334,361,
339,336,366,
366,367,339,
367,366,365,
365,368,367,
365,369,368,
365,362,364,
364,369,365,
364,370,369,
371,372,373,
373,374,371,
375,376,377,
376,375,378,
378,379,376,
367,371,374,
374,376,367,
379,342,340,
340,376,379,
380,381,382,
382,378,380,
378,382,383,
383,379,378,
379,383,344,
344,342,379,
344,383,384,
385,347,346,
346,386,385,
350,349,387,
387,388,350,
352,389,390,
382,381,391,
391,392,382,
391,393,392,
393,394,392,
393,395,394,
352,390,396,
396,353,352,
397,396,390,
390,392,397,
396,397,398,
396,398,399,
399,400,396,
399,401,400,
400,401,402,
402,403,400,
400,403,357,
357,355,400,
400,355,353,
353,396,400,
397,404,405,
394,395,406,
406,404,394,
407,408,399,
399,398,407,
406,395,409,
409,410,406,
409,411,410,
404,397,392,
392,394,404,
412,413,402,
402,401,412,
410,414,402,
402,413,410,
414,410,411,
411,415,414,
414,415,416,
416,417,414,
416,415,418,
418,419,416,
419,418,420,
420,421,419,
422,423,421,
419,423,424,
424,416,419,
416,424,425,
425,417,416,
422,421,426,
426,427,422,
427,426,428,
428,429,427,
429,428,430,
430,431,429,
431,430,432,
432,433,431,
433,432,434,
434,435,433,
433,435,436,
436,431,433,
431,436,437,
437,438,431,
438,437,439,
439,440,438,
441,442,443,
443,444,441,
441,444,445,
445,446,441,
446,445,425,
425,424,446,
427,446,424,
424,423,427,
440,427,429,
429,438,440,
429,431,438,
402,447,448,
448,403,402,
403,448,449,
449,357,403,
449,450,357,
440,439,442,
442,441,440,
441,446,427,
427,440,441,
451,293,287,
287,450,451,
358,357,450,
450,287,358,
293,451,452,
453,454,455,
455,456,453,
457,458,459,
459,460,457,
459,290,291,
291,460,459,
455,292,293,
293,456,455,
293,452,456,
461,462,463,
463,464,461,
463,462,288,
288,289,463,
432,465,434,
465,432,430,
430,466,465,
466,430,428,
428,467,466,
467,428,426,
426,468,467,
468,426,421,
421,469,468,
469,421,470,
470,471,469,
418,415,472,
472,420,418,
472,415,411,
411,473,472,
473,411,409,
409,474,473,
474,409,395,
395,475,474,
475,395,393,
393,476,475,
476,393,391,
391,477,476,
478,381,380,
380,479,478,
479,380,480,
480,481,479,
481,480,482,
482,483,481,
319,318,484,
484,485,319,
381,478,477,
477,391,381,
486,420,472,
472,473,487,
487,486,472,
474,487,473,
475,488,487,
487,474,475,
488,475,476,
476,489,488,
477,489,476,
420,486,470,
470,421,420,
490,478,479,
479,491,490,
489,477,478,
478,490,489,
479,481,492,
492,491,479,
485,484,483,
483,482,485,
492,481,483,
483,493,492,
484,493,483,
494,493,484,
484,318,494,
275,274,495,
495,496,275,
496,495,497,
497,498,496,
498,497,499,
499,500,498,
500,499,188,
188,501,500,
501,188,189,
189,502,501,
502,189,503,
503,504,502,
504,503,505,
505,506,504,
506,505,192,
192,507,506,
507,192,508,
508,509,507,
509,508,510,
510,511,509,
511,510,512,
512,513,511,
513,512,514,
514,515,513,
514,295,515,
277,275,496,
496,516,277,
516,496,498,
498,517,516,
517,498,500,
500,518,517,
518,500,501,
501,519,518,
519,501,502,
502,520,519,
520,502,504,
504,521,520,
521,504,506,
506,522,521,
522,506,507,
507,523,522,
523,507,509,
509,524,523,
524,509,511,
511,525,524,
525,511,513,
513,526,525,
526,513,515,
515,527,526,
527,515,295,
295,294,527,
279,277,516,
516,528,279,
528,516,517,
517,529,528,
529,517,518,
518,530,529,
530,518,519,
519,531,530,
531,519,520,
520,532,531,
532,520,521,
521,533,532,
533,521,522,
522,534,533,
534,522,523,
523,535,534,
535,523,524,
524,536,535,
536,524,525,
525,537,536,
537,525,526,
526,538,537,
538,526,527,
527,539,538,
539,527,294,
294,300,539,
280,279,528,
528,540,280,
540,528,529,
529,541,540,
541,529,530,
530,542,541,
542,530,531,
531,543,542,
543,531,532,
532,544,543,
544,532,533,
533,545,544,
545,533,534,
534,546,545,
546,534,535,
535,547,546,
547,535,536,
536,548,547,
548,536,537,
537,549,548,
549,537,538,
538,550,549,
550,538,539,
539,551,550,
551,539,300,
300,301,551,
287,280,540,
540,358,287,
358,540,541,
541,356,358,
356,541,542,
542,354,356,
354,542,543,
543,351,354,
351,543,544,
544,348,351,
348,544,545,
545,345,348,
345,545,546,
546,343,345,
343,546,547,
547,341,343,
341,547,548,
548,338,341,
338,548,549,
549,337,338,
337,549,550,
550,335,337,
335,550,551,
551,333,335,
333,551,301,
301,304,333,
375,552,482,
482,480,375,
553,554,370,
370,364,553,
363,320,319,
485,552,370,
370,554,485,
320,363,360,
360,314,320,
329,327,272,
272,555,329,
556,555,272,
272,271,556,
313,315,314,
480,380,378,
378,375,480,
553,364,363,
363,319,553,
557,321,323,
323,331,557,
318,321,557,
557,494,318,
485,482,552,
322,320,315,
315,316,322,
324,322,316,
316,317,324,
326,324,317,
317,306,326,
320,314,315,
419,421,423,
558,265,264,
264,559,558,
560,267,265,
265,558,560,
561,269,267,
267,560,561,
562,271,269,
269,561,562,
563,564,565,
565,566,563,
567,568,564,
564,563,567,
567,569,568,
567,570,571,
571,569,567,
563,572,570,
570,567,563,
566,573,572,
572,563,566,
574,572,573,
573,575,574,
576,570,572,
572,574,576,
577,571,570,
570,576,577,
578,574,575,
575,579,578,
578,580,574,
576,574,580,
580,581,576,
581,582,576,
577,576,582,
582,583,577,
584,585,586,
586,587,584,
588,589,585,
585,584,588,
588,559,589,
584,590,588,
587,591,590,
590,584,587,
592,590,591,
591,593,592,
594,595,592,
592,593,594,
588,596,597,
597,559,588,
590,598,596,
596,588,590,
592,599,598,
598,590,592,
597,558,559,
597,560,558,
600,601,595,
595,594,600,
602,603,601,
601,600,602,
604,605,603,
603,602,604,
606,599,605,
605,607,606,
605,599,592,
592,595,605,
608,598,599,
599,606,608,
608,596,598,
609,610,611,
611,612,609,
613,614,610,
610,609,613,
615,616,614,
614,613,615,
617,618,616,
616,615,617,
562,561,619,
597,619,561,
561,560,597,
596,618,619,
619,597,596,
617,562,619,
619,618,617,
615,620,621,
621,617,615,
620,615,613,
613,622,620,
623,624,600,
600,594,623,
625,626,624,
624,623,625,
627,628,626,
626,625,627,
629,630,631,
631,632,629,
633,634,630,
630,629,633,
635,636,634,
634,633,635,
635,637,636,
638,639,637,
637,635,638,
638,640,639,
641,642,640,
640,638,641,
641,643,642,
644,645,643,
643,641,644,
646,647,645,
645,644,646,
648,649,647,
647,646,648,
631,628,627,
627,632,631,
624,650,602,
602,600,624,
604,602,650,
650,651,604,
652,650,624,
624,626,652,
653,651,650,
650,652,653,
654,655,651,
651,653,654,
652,656,657,
657,653,652,
626,628,656,
656,652,626,
658,656,628,
628,631,658,
659,657,656,
656,658,659,
659,660,657,
660,654,653,
653,657,660,
660,661,654,
662,663,664,
664,665,662,
666,667,668,
669,670,668,
668,667,669,
631,630,667,
667,662,631,
667,630,634,
634,669,667,
670,671,672,
672,673,670,
669,674,671,
671,670,669,
634,636,674,
674,669,634,
675,674,636,
676,637,639,
639,677,676,
678,679,640,
640,642,678,
680,681,643,
682,683,672,
672,671,682,
682,684,683,
682,685,684,
685,686,684,
645,687,680,
680,643,645,
682,680,687,
687,688,682,
689,688,687,
690,691,689,
689,687,690,
690,692,691,
693,694,692,
692,690,693,
647,649,693,
693,690,647,
687,645,647,
647,690,687,
695,696,688,
696,697,686,
686,685,696,
689,691,698,
698,699,689,
700,701,686,
686,697,700,
700,702,701,
685,682,688,
688,696,685,
692,694,703,
703,704,692,
703,694,705,
705,700,703,
706,702,700,
700,705,706,
707,708,706,
706,705,707,
709,710,706,
706,708,709,
711,712,710,
710,709,711,
711,713,714,
708,715,713,
713,709,708,
707,716,715,
715,708,707,
717,718,711,
711,714,717,
719,720,718,
718,717,719,
721,722,720,
720,719,721,
723,724,722,
722,721,723,
435,434,724,
724,723,435,
721,436,435,
435,723,721,
725,437,436,
436,721,725,
726,439,437,
437,725,726,
727,443,442,
442,728,727,
729,730,727,
727,728,729,
715,716,730,
730,729,715,
714,713,715,
715,729,714,
725,719,717,
717,726,725,
725,721,719,
693,731,732,
732,694,693,
649,733,731,
731,693,649,
649,734,733,
728,442,439,
439,726,728,
726,717,729,
729,728,726,
734,577,583,
583,735,734,
577,734,649,
649,648,577,
736,735,583,
737,738,739,
739,740,737,
741,742,743,
743,744,741,
741,581,580,
580,742,741,
737,583,582,
582,738,737,
737,736,583,
745,746,747,
747,748,745,
578,579,747,
747,746,578,
434,465,724,
466,722,724,
724,465,466,
467,720,722,
722,466,467,
468,718,720,
720,467,468,
469,711,718,
718,468,469,
471,749,711,
711,469,471,
712,750,706,
706,710,712,
751,702,706,
706,750,751,
752,701,702,
702,751,752,
753,686,701,
701,752,753,
754,684,686,
686,753,754,
755,683,684,
684,754,755,
756,673,672,
672,757,756,
758,759,673,
673,756,758,
760,761,759,
759,758,760,
762,763,764,
764,765,762,
683,755,757,
757,672,683,
750,712,766,
766,767,751,
751,750,766,
751,767,752,
752,767,768,
768,753,752,
769,754,753,
753,768,769,
754,769,755,
711,749,766,
766,712,711,
770,756,757,
757,771,770,
771,757,755,
755,769,771,
770,772,758,
758,756,770,
761,760,765,
765,764,761,
773,760,758,
758,772,773,
760,773,765,
612,765,773,
773,774,612,
775,235,565,
565,564,775,
776,237,235,
235,775,776,
777,778,237,
237,776,777,
779,780,778,
778,777,779,
781,782,780,
780,779,781,
783,241,782,
782,781,783,
784,242,241,
241,783,784,
785,786,242,
242,784,785,
787,788,786,
786,785,787,
789,245,788,
788,787,789,
790,246,245,
245,789,790,
791,792,246,
246,790,791,
791,586,792,
793,775,564,
564,568,793,
794,776,775,
775,793,794,
795,777,776,
776,794,795,
796,779,777,
777,795,796,
797,781,779,
779,796,797,
798,783,781,
781,797,798,
799,784,783,
783,798,799,
800,785,784,
784,799,800,
801,787,785,
785,800,801,
802,789,787,
787,801,802,
803,790,789,
789,802,803,
804,791,790,
790,803,804,
587,586,791,
791,804,587,
805,793,568,
568,569,805,
806,794,793,
793,805,806,
807,795,794,
794,806,807,
808,796,795,
795,807,808,
809,797,796,
796,808,809,
810,798,797,
797,809,810,
811,799,798,
798,810,811,
812,800,799,
799,811,812,
813,801,800,
800,812,813,
814,802,801,
801,813,814,
815,803,802,
802,814,815,
816,804,803,
803,815,816,
591,587,804,
804,816,591,
817,805,569,
569,571,817,
818,806,805,
805,817,818,
819,807,806,
806,818,819,
820,808,807,
807,819,820,
821,809,808,
808,820,821,
822,810,809,
809,821,822,
823,811,810,
810,822,823,
824,812,811,
811,823,824,
825,813,812,
812,824,825,
826,814,813,
813,825,826,
827,815,814,
814,826,827,
828,816,815,
815,827,828,
593,591,816,
816,828,593,
648,817,571,
571,577,648,
646,818,817,
817,648,646,
644,819,818,
818,646,644,
641,820,819,
819,644,641,
638,821,820,
820,641,638,
635,822,821,
821,638,635,
633,823,822,
822,635,633,
629,824,823,
823,633,629,
632,825,824,
824,629,632,
627,826,825,
825,632,627,
625,827,826,
826,627,625,
623,828,827,
827,625,623,
594,593,828,
828,623,594,
759,761,829,
829,668,759,
654,661,763,
763,762,654,
611,610,655,
763,661,829,
829,764,763,
604,651,655,
655,610,604,
555,562,617,
617,621,555,
271,562,555,
555,556,271,
604,607,605,
668,670,673,
673,759,668,
611,655,654,
654,762,611,
622,613,609,
609,830,622,
774,830,609,
609,612,774,
829,761,764,
606,607,610,
610,614,606,
608,606,614,
614,616,608,
596,608,616,
616,618,596,
607,604,610,
713,711,709,
311,302,308,
308,313,311,
367,376,340,
340,339,367,
427,423,422,
319,485,554,
554,553,319,
605,595,601,
601,603,605,
631,662,665,
665,658,631,
714,729,717,
762,765,612,
612,611,762,
831,832,329,
329,833,834,
834,835,329,
836,837,838,
838,839,836,
839,840,836,
840,557,331,
494,557,840,
840,839,494,
493,494,839,
839,838,493,
841,842,843,
843,844,841,
844,843,487,
487,845,844,
845,846,844,
844,846,847,
847,848,844,
487,488,849,
849,845,487,
846,845,849,
849,850,846,
488,851,852,
852,849,488,
852,853,849,
854,855,853,
853,852,854,
854,852,851,
851,490,854,
856,857,490,
490,491,856,
858,491,492,
492,859,858,
860,858,859,
856,858,860,
860,861,856,
840,331,862,
862,836,840,
837,836,862,
862,835,837,
853,855,850,
850,849,853,
860,859,492,
492,493,860,
331,835,862,
621,832,831,
620,834,833,
833,621,620,
863,838,837,
837,864,863,
864,865,863,
622,866,865,
863,865,866,
866,774,863,
867,861,838,
838,863,867,
848,868,869,
869,870,848,
871,767,869,
869,868,871,
868,872,871,
848,847,872,
872,868,848,
871,873,768,
768,767,871,
847,850,873,
873,871,847,
873,874,769,
769,768,873,
873,875,874,
874,875,855,
855,854,874,
857,771,769,
769,874,857,
876,770,771,
771,857,876,
877,772,770,
770,876,877,
877,876,867,
861,867,876,
876,856,861,
864,878,622,
622,865,864,
834,620,878,
878,864,834,
873,850,855,
855,875,873,
773,772,877,
877,867,773,
878,620,622,
621,833,832,
832,833,329,
493,838,861,
861,860,493,
841,844,848,
846,850,847,
854,490,857,
856,491,858,
837,835,834,
867,863,774,
774,773,867,
848,870,841,
847,871,872,
857,874,854,
876,857,856,
834,864,837,
369,370,879,
879,880,369,
879,370,552,
552,881,879,
882,880,879,
882,883,371,
371,367,882,
371,883,884,
885,373,884,
884,883,885,
885,886,373,
376,886,885,
885,887,376,
887,377,376,
375,377,887,
887,888,375,
367,368,882,
369,880,882,
882,368,369,
881,552,375,
375,888,881,
344,889,890,
890,891,344,
347,892,893,
893,894,347,
895,896,897,
897,898,895,
896,899,900,
900,897,896,
901,889,344,
382,902,903,
903,904,382,
891,890,905,
892,385,905,
905,890,892,
347,385,892,
896,895,906,
907,908,902,
902,382,907,
909,898,897,
900,390,909,
909,897,900,
899,910,390,
390,900,899,
894,893,387,
896,906,387,
387,893,896,
398,397,911,
911,912,398,
911,913,914,
915,916,401,
401,399,915,
911,397,917,
399,408,915,
912,407,398,
407,912,915,
915,408,407,
404,913,911,
911,917,404,
406,914,913,
913,404,406,
914,406,918,
918,919,914,
920,921,919,
919,918,920,
916,921,920,
920,412,916,
916,412,401,
903,902,890,
890,889,903,
890,902,908,
908,892,890,
889,901,904,
904,903,889,
899,896,893,
893,907,899,
907,893,892,
892,908,907,
888,887,881,
881,887,885,
885,883,881,
919,916,915,
915,912,919,
921,916,919,
922,923,661,
661,660,922,
924,829,661,
661,923,924,
923,922,925,
658,926,927,
927,925,658,
928,927,926,
927,928,663,
663,929,927,
663,930,929,
931,929,930,
930,667,931,
667,666,931,
932,931,666,
666,933,932,
925,934,658,
934,925,922,
922,660,934,
932,933,829,
829,924,932,
637,935,936,
936,636,637,
937,938,939,
939,940,937,
643,941,942,
942,642,643,
941,943,944,
944,942,941,
636,936,675,
674,945,946,
946,671,674,
676,935,637,
935,676,677,
677,939,935,
939,677,940,
678,642,942,
944,682,671,
671,946,944,
941,643,681,
941,681,680,
680,943,941,
943,680,682,
682,944,943,
679,938,937,
938,679,678,
678,942,938,
947,948,949,
949,689,947,
950,951,948,
952,692,953,
953,954,952,
695,949,948,
954,698,952,
689,699,947,
698,954,947,
947,699,698,
695,948,951,
951,696,695,
696,951,950,
950,697,696,
955,956,697,
697,950,955,
956,955,957,
957,958,956,
704,958,957,
957,953,704,
692,704,953,
936,935,946,
946,945,936,
939,959,946,
946,935,939,
945,674,675,
675,936,945,
960,938,942,
942,944,960,
959,939,938,
938,960,959,
924,931,932,
923,925,927,
927,929,923,
950,948,947,
947,954,950,
955,953,957,
907,382,910,
910,899,907,
881,883,882,
882,879,881,
919,912,911,
911,914,919,
944,946,959,
959,960,944,
923,929,931,
931,924,923,
950,954,953,
953,955,950,
961,962,963,
963,964,961,
964,963,965,
965,966,964,
966,965,967,
967,968,966,
968,967,969,
969,970,968,
971,972,973,
973,970,971,
970,973,974,
974,968,970,
968,974,975,
975,966,968,
966,975,976,
976,964,966,
964,976,977,
977,961,964,
961,977,978,
978,979,961,
961,979,980,
980,962,961,
980,979,981,
981,447,980,
982,981,979,
979,978,982,
983,984,985,
985,986,983,
986,987,983,
983,987,988,
988,989,983,
988,990,989,
991,981,982,
982,992,991,
447,981,993,
993,994,447,
993,981,991,
991,995,993,
996,993,995,
995,997,996,
994,993,996,
996,998,994,
996,999,450,
450,998,996,
990,988,1000,
1000,1001,990,
1001,1000,1002,
1002,1003,1001,
987,986,1004,
1004,1005,987,
991,1006,1007,
1007,995,991,
992,1006,991,
992,989,990,
990,1006,992,
1005,1004,1008,
1008,1009,1005,
988,987,1010,
1010,1011,988,
987,1005,1012,
1012,1010,987,
1009,1012,1005,
1000,988,1011,
1011,1013,1000,
1001,1003,1014,
1015,990,1001,
1001,1014,1015,
1006,990,1015,
1015,1016,1006,
1007,1006,1016,
1016,1017,1007,
1018,1019,1020,
1020,986,1018,
1021,986,1020,
1004,1022,1008,
969,1023,971,
971,970,969,
1000,1013,1002,
1021,1022,1004,
1004,986,1021,
450,999,997,
997,1024,450,
997,995,1007,
1007,1024,997,
1025,1026,1027,
1027,1028,1025,
1029,1030,1026,
1026,1025,1029,
1031,1032,1030,
1030,1029,1031,
1033,1034,1032,
1032,1031,1033,
1033,1035,972,
972,971,1033,
1031,1036,1035,
1035,1033,1031,
1029,1037,1036,
1036,1031,1029,
1025,1038,1037,
1037,1029,1025,
1028,1039,1038,
1038,1025,1028,
1040,1041,1039,
1039,1028,1040,
1027,694,1040,
1040,1028,1027,
1042,1043,1040,
1040,694,1042,
1041,1040,1043,
1043,1044,1041,
1045,985,984,
984,1046,1045,
1046,1047,1045,
1048,1049,1047,
1047,1046,1048,
1048,1050,1049,
1051,1044,1043,
1043,1052,1051,
1053,1054,1043,
1043,1042,1053,
1055,1052,1043,
1043,1054,1055,
1056,1057,1055,
1055,1054,1056,
733,1058,1054,
1054,1053,733,
733,734,1056,
1056,1058,733,
1059,1060,1049,
1049,1050,1059,
1061,1062,1060,
1060,1059,1061,
1063,1064,1045,
1045,1047,1063,
1055,1065,1066,
1066,1052,1055,
1052,1066,1051,
1066,1050,1048,
1048,1051,1066,
1067,1068,1064,
1064,1063,1067,
1069,1070,1047,
1047,1049,1069,
1070,1071,1063,
1063,1047,1070,
1063,1071,1067,
1072,1069,1049,
1049,1060,1072,
1073,1061,1059,
1073,1059,1050,
1050,1074,1073,
1075,1074,1050,
1050,1066,1075,
1076,1075,1066,
1066,1065,1076,
985,1045,1077,
1077,262,985,
1077,1045,1078,
1068,1079,1064,
1033,971,1023,
1023,1034,1033,
1062,1072,1060,
1045,1064,1079,
1079,1078,1045,
1080,1057,1056,
1056,734,1080,
1080,1065,1055,
1055,1057,1080,
996,997,999,
1018,986,985,
1056,1054,1058,
985,262,1018,
982,1081,1082,
1082,976,982,
982,976,975,
975,1083,982,
1083,975,1084,
1084,1085,1083,
1085,1084,1086,
1086,983,1085,
983,1086,1087,
1087,1088,983,
1089,1090,1041,
1041,1044,1089,
1091,1092,1089,
1089,1044,1091,
1048,1093,1092,
1092,1091,1048,
1046,1094,1093,
1093,1048,1046,
1088,1087,1094,
1094,1046,1088,
1095,1096,1097,
1097,1098,1095,
1096,1099,1100,
1100,1097,1096,
1099,1101,1102,
1102,1100,1099,
1101,1103,1104,
1104,1102,1101,
1103,1105,1106,
1106,1104,1103,
1105,1107,1108,
1108,1106,1105,
1107,1109,1110,
1110,1108,1107,
1111,1112,1113,
1113,1114,1111,
1112,1115,1116,
1116,1113,1112,
1115,1117,1118,
1118,1116,1115,
1117,1119,1120,
1120,1118,1117,
1119,1121,1122,
1122,1120,1119,
1121,1123,1124,
1124,1122,1121,
1123,1125,1126,
1126,1124,1123,
1127,1128,1129,
1129,1112,1127,
1129,1130,1115,
1115,1112,1129,
1130,1131,1117,
1117,1115,1130,
1131,1132,1119,
1119,1117,1131,
1132,1133,1121,
1121,1119,1132,
1133,1134,1123,
1123,1121,1133,
1134,1135,1125,
1125,1123,1134,
1136,1137,1129,
1129,1128,1136,
1137,1138,1130,
1130,1129,1137,
1138,1139,1131,
1131,1130,1138,
1139,1140,1132,
1132,1131,1139,
1140,1141,1133,
1133,1132,1140,
1141,1142,1134,
1134,1133,1141,
1142,1143,1135,
1135,1134,1142,
1098,1097,1137,
1137,1136,1098,
1097,1100,1138,
1138,1137,1097,
1100,1102,1139,
1139,1138,1100,
1102,1104,1140,
1140,1139,1102,
1104,1106,1141,
1141,1140,1104,
1106,1108,1142,
1142,1141,1106,
1108,1110,1143,
1143,1142,1108,
1114,1113,1144,
1144,1145,1114,
1113,1116,1146,
1146,1144,1113,
1116,1118,1147,
1147,1146,1116,
1118,1120,1148,
1148,1147,1118,
1120,1122,1149,
1149,1148,1120,
1122,1124,1150,
1150,1149,1122,
1124,1126,1151,
1151,1150,1124,
1152,1145,1144,
1144,1153,1152,
1144,1146,1154,
1154,1153,1144,
1146,1147,1155,
1155,1154,1146,
1147,1148,1156,
1156,1155,1147,
1148,1149,1157,
1157,1156,1148,
1149,1150,1158,
1158,1157,1149,
1150,1151,1159,
1159,1158,1150,
1160,1161,1153,
1153,1096,1160,
1153,1154,1099,
1099,1096,1153,
1154,1155,1101,
1101,1099,1154,
1155,1156,1103,
1103,1101,1155,
1156,1157,1105,
1105,1103,1156,
1157,1158,1107,
1107,1105,1157,
1158,1159,1109,
1109,1107,1158,
1127,1112,1111,
1136,1128,1162,
1098,1136,1163,
1114,1145,1164,
1152,1153,1161,
1160,1096,1095,
1165,1166,1167,
1167,1168,1165,
1169,1095,1098,
1098,1170,1169,
1109,1171,1172,
1172,1110,1109,
1173,1174,1175,
1175,1176,1173,
1177,1111,1114,
1114,1178,1177,
1125,1179,1180,
1180,1126,1125,
1181,1182,1174,
1174,1173,1181,
1177,1174,1182,
1183,1127,1111,
1111,1177,1183,
1135,1184,1179,
1179,1125,1135,
1185,1186,1182,
1182,1181,1185,
1187,1163,1188,
1188,1127,1187,
1143,1189,1184,
1184,1135,1143,
1168,1167,1186,
1186,1185,1168,
1187,1186,1167,
1170,1098,1163,
1163,1187,1170,
1110,1172,1189,
1189,1143,1110,
1190,1191,1180,
1180,1179,1190,
1176,1175,1192,
1192,1193,1176,
1194,1192,1175,
1178,1114,1164,
1164,1194,1178,
1126,1180,1191,
1191,1151,1126,
1193,1192,1195,
1195,1196,1193,
1194,1164,1197,
1197,1160,1194,
1151,1191,1190,
1190,1159,1151,
1196,1195,1166,
1166,1165,1196,
1169,1166,1195,
1198,1160,1095,
1095,1169,1198,
1159,1190,1171,
1171,1109,1159,
1187,1127,1183,
1190,1179,1184,
1184,1189,1190,
1194,1160,1198,
1190,1189,1172,
1172,1171,1190,
1199,1200,1201,
1201,1202,1199,
1200,1165,1168,
1168,1201,1200,
1166,1169,1170,
1170,1167,1166,
1203,1204,1205,
1205,1206,1203,
1204,1173,1176,
1176,1205,1204,
1174,1177,1178,
1178,1175,1174,
1207,1208,1204,
1204,1203,1207,
1208,1181,1173,
1173,1204,1208,
1182,1183,1177,
1209,1210,1208,
1208,1207,1209,
1210,1185,1181,
1181,1208,1210,
1186,1187,1183,
1183,1182,1186,
1202,1201,1210,
1210,1209,1202,
1201,1168,1185,
1185,1210,1201,
1167,1170,1187,
1207,1203,1206,
1206,1211,1207,
1206,1205,1212,
1212,1211,1206,
1205,1176,1193,
1193,1212,1205,
1175,1178,1194,
1211,1212,1213,
1213,1214,1211,
1212,1193,1196,
1196,1213,1212,
1192,1194,1198,
1198,1195,1192,
1214,1213,1200,
1200,1199,1214,
1213,1196,1165,
1165,1200,1213,
1195,1198,1169,
1207,1211,1214,
1214,1199,1207,
1207,1199,1202,
1202,1209,1207,
1215,1216,1217,
1217,1218,1215,
1219,1220,1221,
1221,1222,1219,
1220,1219,1188,
1188,1163,1220,
1219,1222,1162,
1162,1188,1219,
1222,1221,1136,
1136,1162,1222,
1221,1220,1163,
1163,1136,1221,
1216,1215,1128,
1128,1127,1216,
1215,1218,1162,
1162,1128,1215,
1218,1217,1188,
1188,1162,1218,
1217,1216,1127,
1127,1188,1217,
1223,1224,1225,
1225,1226,1223,
1227,1228,1229,
1229,1230,1227,
1160,1197,1230,
1230,1229,1160,
1197,1152,1227,
1227,1230,1197,
1152,1161,1228,
1228,1227,1152,
1161,1160,1229,
1229,1228,1161,
1164,1145,1226,
1226,1225,1164,
1145,1152,1223,
1223,1226,1145,
1152,1197,1224,
1224,1223,1152,
1197,1164,1225,
1225,1224,1197,
1231,1232,1233,
1233,1234,1231,
1232,1235,1236,
1236,1233,1232,
1235,1237,1238,
1238,1236,1235,
1237,1239,1240,
1240,1238,1237,
1239,1241,1242,
1242,1240,1239,
1241,1243,1244,
1244,1242,1241,
1243,1245,1246,
1246,1244,1243,
1247,1248,1249,
1249,1250,1247,
1248,1251,1252,
1252,1249,1248,
1251,1253,1254,
1254,1252,1251,
1253,1255,1256,
1256,1254,1253,
1255,1257,1258,
1258,1256,1255,
1257,1259,1260,
1260,1258,1257,
1259,1261,1262,
1262,1260,1259,
1263,1264,1265,
1265,1248,1263,
1265,1266,1251,
1251,1248,1265,
1266,1267,1253,
1253,1251,1266,
1267,1268,1255,
1255,1253,1267,
1268,1269,1257,
1257,1255,1268,
1269,1270,1259,
1259,1257,1269,
1270,1271,1261,
1261,1259,1270,
1272,1273,1265,
1265,1264,1272,
1273,1274,1266,
1266,1265,1273,
1274,1275,1267,
1267,1266,1274,
1275,1276,1268,
1268,1267,1275,
1276,1277,1269,
1269,1268,1276,
1277,1278,1270,
1270,1269,1277,
1278,1279,1271,
1271,1270,1278,
1234,1233,1273,
1273,1272,1234,
1233,1236,1274,
1274,1273,1233,
1236,1238,1275,
1275,1274,1236,
1238,1240,1276,
1276,1275,1238,
1240,1242,1277,
1277,1276,1240,
1242,1244,1278,
1278,1277,1242,
1244,1246,1279,
1279,1278,1244,
1250,1249,1280,
1280,1281,1250,
1249,1252,1282,
1282,1280,1249,
1252,1254,1283,
1283,1282,1252,
1254,1256,1284,
1284,1283,1254,
1256,1258,1285,
1285,1284,1256,
1258,1260,1286,
1286,1285,1258,
1260,1262,1287,
1287,1286,1260,
1288,1281,1280,
1280,1289,1288,
1280,1282,1290,
1290,1289,1280,
1282,1283,1291,
1291,1290,1282,
1283,1284,1292,
1292,1291,1283,
1284,1285,1293,
1293,1292,1284,
1285,1286,1294,
1294,1293,1285,
1286,1287,1295,
1295,1294,1286,
1296,1297,1289,
1289,1232,1296,
1289,1290,1235,
1235,1232,1289,
1290,1291,1237,
1237,1235,1290,
1291,1292,1239,
1239,1237,1291,
1292,1293,1241,
1241,1239,1292,
1293,1294,1243,
1243,1241,1293,
1294,1295,1245,
1245,1243,1294,
1263,1248,1247,
1272,1264,1298,
1234,1272,1299,
1250,1281,1300,
1288,1289,1297,
1296,1232,1231,
1301,1302,1303,
1303,1304,1301,
1305,1303,1302,
1306,1231,1234,
1234,1305,1306,
1245,1307,1308,
1308,1246,1245,
1309,1310,1311,
1311,1312,1309,
1313,1311,1310,
1314,1247,1250,
1250,1313,1314,
1261,1315,1316,
1316,1262,1261,
1317,1318,1310,
1310,1309,1317,
1319,1263,1247,
1247,1314,1319,
1271,1320,1315,
1315,1261,1271,
1321,1322,1318,
1318,1317,1321,
1319,1318,1322,
1323,1299,1324,
1324,1263,1323,
1279,1325,1320,
1320,1271,1279,
1304,1303,1322,
1322,1321,1304,
1305,1234,1299,
1299,1323,1305,
1246,1308,1325,
1325,1279,1246,
1326,1327,1316,
1316,1315,1326,
1312,1311,1328,
1328,1329,1312,
1313,1250,1300,
1300,1330,1313,
1262,1316,1327,
1327,1287,1262,
1329,1328,1331,
1331,1332,1329,
1333,1331,1328,
1330,1300,1334,
1334,1296,1330,
1287,1327,1326,
1326,1295,1287,
1332,1331,1302,
1302,1301,1332,
1333,1296,1231,
1231,1306,1333,
1295,1326,1307,
1307,1245,1295,
1323,1263,1319,
1326,1315,1320,
1320,1325,1326,
1330,1296,1333,
1326,1325,1308,
1308,1307,1326,
1335,1336,1337,
1337,1338,1335,
1336,1301,1304,
1304,1337,1336,
1302,1306,1305,
1339,1340,1341,
1341,1342,1339,
1340,1309,1312,
1312,1341,1340,
1310,1314,1313,
1343,1344,1340,
1340,1339,1343,
1344,1317,1309,
1309,1340,1344,
1318,1319,1314,
1314,1310,1318,
1345,1346,1344,
1344,1343,1345,
1346,1321,1317,
1317,1344,1346,
1322,1323,1319,
1338,1337,1346,
1346,1345,1338,
1337,1304,1321,
1321,1346,1337,
1303,1305,1323,
1323,1322,1303,
1343,1339,1342,
1342,1347,1343,
1342,1341,1348,
1348,1347,1342,
1341,1312,1329,
1329,1348,1341,
1311,1313,1330,
1330,1328,1311,
1347,1348,1349,
1349,1350,1347,
1348,1329,1332,
1332,1349,1348,
1328,1330,1333,
1350,1349,1336,
1336,1335,1350,
1349,1332,1301,
1301,1336,1349,
1331,1333,1306,
1306,1302,1331,
1343,1347,1350,
1350,1335,1343,
1343,1335,1338,
1338,1345,1343,
1351,1352,1353,
1353,1354,1351,
1355,1356,1357,
1357,1358,1355,
1356,1355,1324,
1324,1299,1356,
1355,1358,1298,
1298,1324,1355,
1358,1357,1272,
1272,1298,1358,
1357,1356,1299,
1299,1272,1357,
1352,1351,1264,
1264,1263,1352,
1351,1354,1298,
1298,1264,1351,
1354,1353,1324,
1324,1298,1354,
1353,1352,1263,
1263,1324,1353,
1359,1360,1361,
1361,1362,1359,
1363,1364,1365,
1365,1366,1363,
1296,1334,1366,
1366,1365,1296,
1334,1288,1363,
1363,1366,1334,
1288,1297,1364,
1364,1363,1288,
1297,1296,1365,
1365,1364,1297,
1300,1281,1362,
1362,1361,1300,
1281,1288,1359,
1359,1362,1281,
1288,1334,1360,
1360,1359,1288,
1334,1300,1361,
1361,1360,1334,
1367,1368,1369,
1369,1370,1367,
1368,1371,1372,
1372,1369,1368,
1371,1373,1374,
1374,1372,1371,
1375,1376,1377,
1377,1378,1375,
1376,1379,1380,
1380,1377,1376,
1379,1381,1382,
1382,1380,1379,
1381,1383,1384,
1384,1382,1381,
1383,1385,1386,
1386,1384,1383,
1385,1387,1386,
1388,1389,1368,
1368,1367,1388,
1389,1390,1371,
1371,1368,1389,
1390,1391,1373,
1373,1371,1390,
1392,1393,1376,
1376,1375,1392,
1393,1394,1379,
1379,1376,1393,
1394,1395,1381,
1381,1379,1394,
1395,1396,1383,
1383,1381,1395,
1396,1397,1385,
1385,1383,1396,
1397,1387,1385,
1398,1399,1389,
1389,1388,1398,
1399,1400,1390,
1390,1389,1399,
1400,1401,1391,
1391,1390,1400,
1402,1403,1393,
1393,1392,1402,
1403,1404,1394,
1394,1393,1403,
1404,1405,1395,
1395,1394,1404,
1405,1406,1396,
1396,1395,1405,
1406,1407,1397,
1397,1396,1406,
1407,1387,1397,
1408,1409,1399,
1399,1398,1408,
1409,1410,1400,
1400,1399,1409,
1410,1411,1401,
1401,1400,1410,
1412,1413,1403,
1403,1402,1412,
1413,1414,1404,
1404,1403,1413,
1414,1415,1405,
1405,1404,1414,
1415,1416,1406,
1406,1405,1415,
1416,1417,1407,
1407,1406,1416,
1417,1387,1407,
1418,1419,1409,
1409,1408,1418,
1419,1420,1410,
1410,1409,1419,
1420,1421,1411,
1411,1410,1420,
1422,1423,1413,
1413,1412,1422,
1423,1424,1414,
1414,1413,1423,
1424,1425,1415,
1415,1414,1424,
1425,1426,1416,
1416,1415,1425,
1426,1427,1417,
1417,1416,1426,
1427,1387,1417,
1428,1429,1419,
1419,1418,1428,
1429,1430,1420,
1420,1419,1429,
1430,1431,1421,
1421,1420,1430,
1432,1433,1423,
1423,1422,1432,
1433,1434,1424,
1424,1423,1433,
1434,1435,1425,
1425,1424,1434,
1435,1436,1426,
1426,1425,1435,
1436,1437,1427,
1427,1426,1436,
1437,1387,1427,
1438,1439,1429,
1429,1428,1438,
1439,1440,1430,
1430,1429,1439,
1440,1441,1431,
1431,1430,1440,
1442,1443,1433,
1433,1432,1442,
1443,1444,1434,
1434,1433,1443,
1444,1445,1435,
1435,1434,1444,
1445,1446,1436,
1436,1435,1445,
1446,1447,1437,
1437,1436,1446,
1447,1387,1437,
1370,1369,1439,
1439,1438,1370,
1369,1372,1440,
1440,1439,1369,
1372,1374,1441,
1441,1440,1372,
1378,1377,1443,
1443,1442,1378,
1377,1380,1444,
1444,1443,1377,
1380,1382,1445,
1445,1444,1380,
1382,1384,1446,
1446,1445,1382,
1384,1386,1447,
1447,1446,1384,
1386,1387,1447,
1428,1418,1408,
1408,1398,1428,
1428,1398,1388,
1388,1367,1428,
1428,1367,1370,
1370,1438,1428,
1373,1375,1378,
1378,1374,1373,
1391,1392,1375,
1375,1373,1391,
1401,1402,1392,
1392,1391,1401,
1411,1412,1402,
1402,1401,1411,
1421,1422,1412,
1412,1411,1421,
1431,1432,1422,
1422,1421,1431,
1441,1442,1432,
1432,1431,1441,
1374,1378,1442,
1442,1441,1374,
1448,1449,1450,
1450,1451,1448,
1452,1453,1449,
1449,1448,1452,
1454,1455,1453,
1453,1452,1454,
1456,1457,1455,
1455,1454,1456,
1458,1459,1457,
1457,1456,1458,
1460,1461,1459,
1459,1458,1460,
1462,1463,1461,
1461,1460,1462,
1451,1450,1463,
1463,1462,1451,
1449,1453,1455,
1455,1457,1449,
1462,1460,1458,
1458,1456,1462,
1449,1457,1459,
1459,1461,1449,
1462,1456,1454,
1454,1452,1462,
1449,1461,1463,
1463,1450,1449,
1462,1452,1448,
1448,1451,1462,
1464,1465,1466,
1466,1467,1464,
1468,1469,1470,
1470,1471,1468,
1472,1473,1465,
1465,1464,1472,
1474,1472,1464,
1464,1475,1474,
1476,1477,1473,
1473,1472,1476,
1478,1476,1472,
1472,1474,1478,
1479,1480,1477,
1477,1476,1479,
1481,1479,1476,
1476,1478,1481,
1482,1483,1480,
1480,1479,1482,
1484,1482,1479,
1479,1481,1484,
1485,1486,1483,
1483,1482,1485,
1487,1485,1482,
1482,1484,1487,
1488,1489,1486,
1486,1485,1488,
1490,1491,1492,
1492,1493,1490,
1467,1466,1489,
1489,1488,1467,
1465,1473,1477,
1477,1480,1465,
1494,1495,1496,
1496,1497,1494,
1498,1494,1497,
1497,1475,1498,
1497,1496,1499,
1499,1500,1497,
1475,1497,1500,
1500,1474,1475,
1500,1499,1501,
1501,1502,1500,
1474,1500,1502,
1502,1478,1474,
1502,1501,1503,
1503,1504,1502,
1478,1502,1504,
1504,1481,1478,
1504,1503,1505,
1505,1506,1504,
1481,1504,1506,
1506,1484,1481,
1506,1505,1507,
1507,1508,1506,
1484,1506,1508,
1508,1487,1484,
1508,1507,1509,
1509,1510,1508,
1487,1508,1510,
1510,1511,1487,
1510,1509,1495,
1495,1494,1510,
1495,1509,1507,
1507,1505,1495,
1468,1471,1512,
1512,1475,1468,
1490,1493,1513,
1513,1514,1490,
1465,1480,1483,
1483,1486,1465,
1498,1475,1512,
1512,1515,1498,
1487,1511,1516,
1516,1517,1487,
1495,1505,1503,
1503,1501,1495,
1468,1475,1464,
1464,1467,1468,
1490,1514,1488,
1488,1485,1490,
1465,1486,1489,
1489,1466,1465,
1498,1515,1518,
1518,1519,1498,
1487,1517,1520,
1520,1521,1487,
1495,1501,1499,
1499,1496,1495,
1468,1467,1522,
1490,1485,1487,
1498,1519,1523,
1487,1521,1490,
1524,1522,1467,
1524,1525,1468,
1468,1522,1524,
1525,1526,1469,
1469,1468,1525,
1526,1527,1470,
1470,1469,1526,
1527,1528,1471,
1471,1470,1527,
1528,1529,1512,
1512,1471,1528,
1530,1531,1525,
1531,1532,1527,
1527,1526,1531,
1532,1533,1528,
1528,1527,1532,
1533,1534,1529,
1529,1528,1533,
1535,1536,1533,
1533,1532,1535,
1536,1537,1534,
1534,1533,1536,
1538,1524,1467,
1525,1524,1530,
1526,1525,1531,
1539,1540,1524,
1524,1538,1539,
1540,1530,1524,
1541,1542,1540,
1540,1539,1541,
1542,1543,1530,
1530,1540,1542,
1543,1544,1530,
1544,1535,1532,
1532,1531,1544,
1545,1546,1542,
1542,1541,1545,
1546,1547,1543,
1543,1542,1546,
1547,1548,1544,
1544,1543,1547,
1548,1549,1535,
1535,1544,1548,
1549,1550,1536,
1536,1535,1549,
1550,1551,1537,
1537,1536,1550,
1552,1553,1546,
1546,1545,1552,
1553,1554,1547,
1547,1546,1553,
1554,1555,1548,
1548,1547,1554,
1555,1556,1549,
1549,1548,1555,
1556,1557,1550,
1550,1549,1556,
1557,1558,1551,
1551,1550,1557,
1559,1560,1553,
1553,1552,1559,
1560,1561,1554,
1554,1553,1560,
1561,1562,1555,
1555,1554,1561,
1562,1563,1556,
1556,1555,1562,
1563,1564,1557,
1557,1556,1563,
1564,1565,1558,
1558,1557,1564,
1531,1530,1544,
1566,1567,1568,
1569,1570,1571,
1571,1567,1569,
1570,1572,1573,
1573,1571,1570,
1572,1574,1575,
1575,1573,1572,
1571,1573,1576,
1576,1577,1571,
1573,1575,1578,
1578,1576,1573,
1568,1579,1566,
1567,1566,1569,
1538,1579,1580,
1580,1539,1538,
1579,1568,1580,
1539,1580,1581,
1581,1541,1539,
1580,1568,1582,
1582,1581,1580,
1568,1583,1582,
1567,1571,1577,
1577,1583,1567,
1541,1581,1584,
1584,1545,1541,
1581,1582,1585,
1585,1584,1581,
1582,1583,1586,
1586,1585,1582,
1583,1577,1587,
1587,1586,1583,
1577,1576,1588,
1588,1587,1577,
1576,1578,1589,
1589,1588,1576,
1545,1584,1590,
1590,1552,1545,
1584,1585,1591,
1591,1590,1584,
1585,1586,1592,
1592,1591,1585,
1586,1587,1593,
1593,1592,1586,
1587,1588,1594,
1594,1593,1587,
1588,1589,1595,
1595,1594,1588,
1552,1590,1560,
1560,1559,1552,
1590,1591,1561,
1561,1560,1590,
1591,1592,1562,
1562,1561,1591,
1592,1593,1563,
1563,1562,1592,
1593,1594,1564,
1564,1563,1593,
1594,1595,1565,
1565,1564,1594,
1583,1568,1567,
1574,1572,1491,
1491,1490,1574,
1538,1467,1488,
1579,1538,1488,
1488,1514,1579,
1566,1579,1514,
1514,1513,1566,
1569,1566,1513,
1513,1493,1569,
1570,1569,1493,
1493,1492,1570,
1572,1570,1492,
1492,1491,1572,
1494,1498,1596,
1498,1523,1597,
1597,1596,1498,
1523,1519,1598,
1598,1597,1523,
1519,1518,1599,
1599,1598,1519,
1518,1515,1600,
1600,1599,1518,
1515,1512,1529,
1529,1600,1515,
1597,1601,1602,
1598,1599,1603,
1603,1601,1598,
1599,1600,1604,
1604,1603,1599,
1600,1529,1534,
1534,1604,1600,
1603,1604,1605,
1605,1606,1603,
1604,1534,1537,
1537,1605,1604,
1494,1596,1607,
1602,1596,1597,
1601,1597,1598,
1607,1596,1608,
1608,1609,1607,
1596,1602,1608,
1609,1608,1610,
1610,1611,1609,
1608,1602,1612,
1612,1610,1608,
1602,1613,1612,
1601,1603,1606,
1606,1613,1601,
1611,1610,1614,
1614,1615,1611,
1610,1612,1616,
1616,1614,1610,
1612,1613,1617,
1617,1616,1612,
1613,1606,1618,
1618,1617,1613,
1606,1605,1619,
1619,1618,1606,
1605,1537,1551,
1551,1619,1605,
1615,1614,1620,
1620,1621,1615,
1614,1616,1622,
1622,1620,1614,
1616,1617,1623,
1623,1622,1616,
1617,1618,1624,
1624,1623,1617,
1618,1619,1625,
1625,1624,1618,
1619,1551,1558,
1558,1625,1619,
1621,1620,1626,
1626,1627,1621,
1620,1622,1628,
1628,1626,1620,
1622,1623,1629,
1629,1628,1622,
1623,1624,1630,
1630,1629,1623,
1624,1625,1631,
1631,1630,1624,
1625,1558,1565,
1565,1631,1625,
1613,1602,1601,
1632,1633,1634,
1633,1635,1636,
1636,1637,1633,
1635,1638,1639,
1639,1636,1635,
1638,1575,1574,
1574,1639,1638,
1640,1641,1638,
1638,1635,1640,
1641,1578,1575,
1575,1638,1641,
1634,1642,1632,
1637,1634,1633,
1609,1643,1642,
1642,1607,1609,
1643,1632,1642,
1611,1644,1643,
1643,1609,1611,
1644,1645,1632,
1632,1643,1644,
1645,1646,1632,
1646,1640,1635,
1635,1633,1646,
1615,1647,1644,
1644,1611,1615,
1647,1648,1645,
1645,1644,1647,
1648,1649,1646,
1646,1645,1648,
1649,1650,1640,
1640,1646,1649,
1650,1651,1641,
1641,1640,1650,
1651,1589,1578,
1578,1641,1651,
1621,1652,1647,
1647,1615,1621,
1652,1653,1648,
1648,1647,1652,
1653,1654,1649,
1649,1648,1653,
1654,1655,1650,
1650,1649,1654,
1655,1656,1651,
1651,1650,1655,
1656,1595,1589,
1589,1651,1656,
1627,1626,1652,
1652,1621,1627,
1626,1628,1653,
1653,1652,1626,
1628,1629,1654,
1654,1653,1628,
1629,1630,1655,
1655,1654,1629,
1630,1631,1656,
1656,1655,1630,
1631,1565,1595,
1595,1656,1631,
1633,1632,1646,
1490,1521,1639,
1639,1574,1490,
1510,1494,1607,
1511,1510,1607,
1607,1642,1511,
1516,1511,1642,
1642,1634,1516,
1517,1516,1634,
1634,1637,1517,
1520,1517,1637,
1637,1636,1520,
1521,1520,1636,
1636,1639,1521,
1657,1658,1659,
1659,1660,1657,
1661,1662,1663,
1663,1664,1661,
1665,1666,1667,
1667,1662,1665,
1668,1665,1662,
1662,1661,1668,
1669,1670,1666,
1666,1665,1669,
1671,1669,1665,
1665,1668,1671,
1672,1673,1670,
1670,1669,1672,
1674,1672,1669,
1669,1671,1674,
1675,1676,1673,
1673,1672,1675,
1677,1675,1672,
1672,1674,1677,
1676,1675,1678,
1679,1678,1675,
1675,1677,1679,
1680,1681,1682,
1682,1683,1680,
1684,1680,1678,
1678,1679,1684,
1664,1663,1680,
1680,1684,1664,
1684,1679,1677,
1677,1674,1684,
1685,1686,1667,
1667,1687,1685,
1688,1689,1687,
1687,1690,1688,
1687,1667,1666,
1666,1691,1687,
1690,1687,1691,
1691,1692,1690,
1691,1666,1670,
1670,1693,1691,
1692,1691,1693,
1693,1694,1692,
1693,1670,1673,
1673,1695,1693,
1694,1693,1695,
1695,1696,1694,
1695,1673,1676,
1676,1697,1695,
1696,1695,1697,
1697,1698,1696,
1698,1697,1699,
1699,1700,1698,
1701,1702,1699,
1700,1699,1703,
1703,1704,1700,
1704,1703,1689,
1689,1688,1704,
1688,1690,1692,
1692,1694,1688,
1657,1660,1663,
1663,1662,1657,
1680,1683,1705,
1705,1706,1680,
1684,1674,1671,
1671,1668,1684,
1685,1687,1689,
1689,1707,1685,
1699,1702,1708,
1708,1709,1699,
1688,1694,1696,
1696,1698,1688,
1657,1662,1667,
1667,1686,1657,
1680,1706,1701,
1684,1668,1661,
1661,1664,1684,
1685,1707,1710,
1710,1711,1685,
1699,1709,1712,
1712,1713,1699,
1688,1698,1700,
1700,1704,1688,
1657,1686,1714,
1685,1711,1715,
1699,1713,1703,
1678,1716,1676,
1717,1718,1714,
1714,1686,1717,
1718,1719,1657,
1657,1714,1718,
1719,1720,1658,
1658,1657,1719,
1720,1721,1659,
1659,1658,1720,
1721,1722,1660,
1660,1659,1721,
1723,1663,1722,
1724,1725,1718,
1718,1717,1724,
1725,1726,1719,
1719,1718,1725,
1726,1727,1720,
1720,1719,1726,
1727,1721,1720,
1728,1722,1721,
1729,1730,1723,
1723,1722,1729,
1731,1732,1725,
1725,1724,1731,
1732,1733,1726,
1726,1725,1732,
1733,1734,1727,
1727,1726,1733,
1734,1728,1727,
1735,1736,1729,
1729,1728,1735,
1736,1737,1730,
1730,1729,1736,
1738,1739,1732,
1732,1731,1738,
1739,1740,1733,
1733,1732,1739,
1740,1741,1734,
1734,1733,1740,
1741,1742,1735,
1735,1734,1741,
1742,1743,1736,
1736,1735,1742,
1743,1744,1737,
1737,1736,1743,
1745,1746,1739,
1739,1738,1745,
1746,1747,1740,
1740,1739,1746,
1747,1748,1741,
1741,1740,1747,
1748,1749,1742,
1742,1741,1748,
1749,1750,1743,
1743,1742,1749,
1750,1751,1744,
1744,1743,1750,
1752,1753,1746,
1746,1745,1752,
1753,1754,1747,
1747,1746,1753,
1754,1755,1748,
1748,1747,1754,
1755,1756,1749,
1749,1748,1755,
1756,1757,1750,
1750,1749,1756,
1757,1758,1750,
1660,1722,1663,
1729,1722,1728,
1728,1721,1727,
1735,1728,1734,
1758,1751,1750,
1759,1760,1761,
1761,1762,1759,
1760,1763,1764,
1764,1761,1760,
1763,1765,1766,
1766,1764,1763,
1765,1767,1766,
1767,1768,1769,
1768,1723,1730,
1730,1770,1768,
1762,1761,1771,
1771,1772,1762,
1761,1764,1773,
1773,1771,1761,
1764,1766,1774,
1774,1773,1764,
1766,1769,1774,
1769,1770,1775,
1775,1776,1769,
1770,1730,1737,
1737,1775,1770,
1772,1771,1777,
1777,1778,1772,
1771,1773,1779,
1779,1777,1771,
1773,1774,1780,
1780,1779,1773,
1774,1776,1781,
1781,1780,1774,
1776,1775,1782,
1782,1781,1776,
1775,1737,1744,
1744,1782,1775,
1778,1777,1783,
1783,1784,1778,
1777,1779,1785,
1785,1783,1777,
1779,1780,1786,
1786,1785,1779,
1780,1781,1787,
1787,1786,1780,
1781,1782,1788,
1788,1787,1781,
1782,1744,1751,
1751,1788,1782,
1784,1783,1753,
1753,1752,1784,
1783,1785,1754,
1754,1753,1783,
1785,1786,1755,
1755,1754,1785,
1786,1787,1756,
1756,1755,1786,
1787,1788,1757,
1757,1756,1787,
1788,1758,1757,
1769,1768,1770,
1766,1767,1769,
1774,1769,1776,
1788,1751,1758,
1680,1723,1768,
1768,1681,1680,
1760,1759,1701,
1701,1706,1760,
1763,1760,1706,
1706,1705,1763,
1765,1763,1705,
1705,1683,1765,
1767,1765,1683,
1683,1682,1767,
1768,1767,1682,
1682,1681,1768,
1680,1663,1723,
1697,1676,1716,
1716,1699,1697,
1699,1716,1701,
1686,1685,1789,
1789,1717,1686,
1685,1715,1790,
1790,1789,1685,
1715,1711,1791,
1791,1790,1715,
1711,1710,1792,
1792,1791,1711,
1710,1707,1793,
1793,1792,1710,
1793,1689,1794,
1717,1789,1795,
1795,1724,1717,
1789,1790,1796,
1796,1795,1789,
1790,1791,1797,
1797,1796,1790,
1791,1792,1797,
1792,1793,1798,
1793,1794,1799,
1799,1800,1793,
1724,1795,1801,
1801,1731,1724,
1795,1796,1802,
1802,1801,1795,
1796,1797,1803,
1803,1802,1796,
1797,1798,1803,
1798,1800,1804,
1804,1805,1798,
1800,1799,1806,
1806,1804,1800,
1731,1801,1807,
1807,1738,1731,
1801,1802,1808,
1808,1807,1801,
1802,1803,1809,
1809,1808,1802,
1803,1805,1810,
1810,1809,1803,
1805,1804,1811,
1811,1810,1805,
1804,1806,1812,
1812,1811,1804,
1738,1807,1813,
1813,1745,1738,
1807,1808,1814,
1814,1813,1807,
1808,1809,1815,
1815,1814,1808,
1809,1810,1816,
1816,1815,1809,
1810,1811,1817,
1817,1816,1810,
1811,1812,1818,
1818,1817,1811,
1745,1813,1819,
1819,1752,1745,
1813,1814,1820,
1820,1819,1813,
1814,1815,1821,
1821,1820,1814,
1815,1816,1822,
1822,1821,1815,
1816,1817,1823,
1823,1822,1816,
1817,1824,1823,
1689,1793,1707,
1798,1793,1800,
1797,1792,1798,
1803,1798,1805,
1817,1818,1824,
1762,1825,1826,
1826,1759,1762,
1825,1827,1828,
1828,1826,1825,
1827,1829,1830,
1830,1828,1827,
1829,1831,1830,
1832,1833,1831,
1834,1799,1794,
1794,1833,1834,
1772,1835,1825,
1825,1762,1772,
1835,1836,1827,
1827,1825,1835,
1836,1837,1829,
1829,1827,1836,
1837,1832,1829,
1838,1839,1834,
1834,1832,1838,
1839,1806,1799,
1799,1834,1839,
1778,1840,1835,
1835,1772,1778,
1840,1841,1836,
1836,1835,1840,
1841,1842,1837,
1837,1836,1841,
1842,1843,1838,
1838,1837,1842,
1843,1844,1839,
1839,1838,1843,
1844,1812,1806,
1806,1839,1844,
1784,1845,1840,
1840,1778,1784,
1845,1846,1841,
1841,1840,1845,
1846,1847,1842,
1842,1841,1846,
1847,1848,1843,
1843,1842,1847,
1848,1849,1844,
1844,1843,1848,
1849,1818,1812,
1812,1844,1849,
1752,1819,1845,
1845,1784,1752,
1819,1820,1846,
1846,1845,1819,
1820,1821,1847,
1847,1846,1820,
1821,1822,1848,
1848,1847,1821,
1822,1823,1849,
1849,1848,1822,
1823,1824,1849,
1834,1833,1832,
1832,1831,1829,
1838,1832,1837,
1824,1818,1849,
1713,1833,1794,
1794,1703,1713,
1702,1701,1759,
1759,1826,1702,
1708,1702,1826,
1826,1828,1708,
1709,1708,1828,
1828,1830,1709,
1712,1709,1830,
1830,1831,1712,
1713,1712,1831,
1831,1833,1713,
1794,1689,1703,
1701,1716,1680,
1680,1716,1678,
1850,1851,1852,
1852,1853,1850,
1854,1855,1856,
1856,1857,1854,
1858,1859,1851,
1851,1850,1858,
1860,1858,1850,
1850,1861,1860,
1862,1863,1859,
1859,1858,1862,
1864,1862,1858,
1858,1860,1864,
1865,1866,1863,
1863,1862,1865,
1867,1865,1862,
1862,1864,1867,
1868,1869,1866,
1866,1865,1868,
1870,1868,1865,
1865,1867,1870,
1871,1872,1869,
1869,1868,1871,
1873,1871,1868,
1868,1870,1873,
1874,1875,1872,
1872,1871,1874,
1876,1877,1878,
1878,1879,1876,
1853,1852,1875,
1875,1874,1853,
1851,1859,1863,
1863,1866,1851,
1880,1881,1882,
1882,1883,1880,
1884,1880,1883,
1883,1861,1884,
1883,1882,1885,
1885,1886,1883,
1861,1883,1886,
1886,1860,1861,
1886,1885,1887,
1887,1888,1886,
1860,1886,1888,
1888,1864,1860,
1888,1887,1889,
1889,1890,1888,
1864,1888,1890,
1890,1867,1864,
1890,1889,1891,
1891,1892,1890,
1867,1890,1892,
1892,1870,1867,
1892,1891,1893,
1893,1894,1892,
1870,1892,1894,
1894,1873,1870,
1894,1893,1895,
1895,1896,1894,
1873,1894,1896,
1896,1897,1873,
1896,1895,1881,
1881,1880,1896,
1881,1895,1893,
1893,1891,1881,
1854,1857,1898,
1898,1861,1854,
1876,1879,1899,
1899,1900,1876,
1851,1866,1869,
1869,1872,1851,
1884,1861,1898,
1898,1901,1884,
1873,1897,1902,
1902,1903,1873,
1881,1891,1889,
1889,1887,1881,
1854,1861,1850,
1850,1853,1854,
1876,1900,1874,
1874,1871,1876,
1851,1872,1875,
1875,1852,1851,
1884,1901,1904,
1904,1905,1884,
1873,1903,1906,
1906,1907,1873,
1881,1887,1885,
1885,1882,1881,
1854,1853,1908,
1876,1871,1873,
1884,1905,1909,
1873,1907,1876,
1910,1908,1853,
1910,1911,1854,
1854,1908,1910,
1911,1912,1855,
1855,1854,1911,
1912,1913,1856,
1856,1855,1912,
1913,1914,1857,
1857,1856,1913,
1914,1915,1898,
1898,1857,1914,
1916,1917,1911,
1917,1918,1913,
1913,1912,1917,
1918,1919,1914,
1914,1913,1918,
1919,1920,1915,
1915,1914,1919,
1921,1922,1919,
1919,1918,1921,
1922,1923,1920,
1920,1919,1922,
1924,1910,1853,
1911,1910,1916,
1912,1911,1917,
1925,1926,1910,
1910,1924,1925,
1926,1916,1910,
1927,1928,1926,
1926,1925,1927,
1928,1929,1916,
1916,1926,1928,
1929,1930,1916,
1930,1921,1918,
1918,1917,1930,
1931,1932,1928,
1928,1927,1931,
1932,1933,1929,
1929,1928,1932,
1933,1934,1930,
1930,1929,1933,
1934,1935,1921,
1921,1930,1934,
1935,1936,1922,
1922,1921,1935,
1936,1937,1923,
1923,1922,1936,
1938,1939,1932,
1932,1931,1938,
1939,1940,1933,
1933,1932,1939,
1940,1941,1934,
1934,1933,1940,
1941,1942,1935,
1935,1934,1941,
1942,1943,1936,
1936,1935,1942,
1943,1944,1937,
1937,1936,1943,
1945,1946,1939,
1939,1938,1945,
1946,1947,1940,
1940,1939,1946,
1947,1948,1941,
1941,1940,1947,
1948,1949,1942,
1942,1941,1948,
1949,1950,1943,
1943,1942,1949,
1950,1951,1944,
1944,1943,1950,
1917,1916,1930,
1952,1953,1954,
1955,1956,1957,
1957,1953,1955,
1956,1958,1959,
1959,1957,1956,
1958,1960,1961,
1961,1959,1958,
1957,1959,1962,
1962,1963,1957,
1959,1961,1964,
1964,1962,1959,
1954,1965,1952,
1953,1952,1955,
1924,1965,1966,
1966,1925,1924,
1965,1954,1966,
1925,1966,1967,
1967,1927,1925,
1966,1954,1968,
1968,1967,1966,
1954,1969,1968,
1953,1957,1963,
1963,1969,1953,
1927,1967,1970,
1970,1931,1927,
1967,1968,1971,
1971,1970,1967,
1968,1969,1972,
1972,1971,1968,
1969,1963,1973,
1973,1972,1969,
1963,1962,1974,
1974,1973,1963,
1962,1964,1975,
1975,1974,1962,
1931,1970,1976,
1976,1938,1931,
1970,1971,1977,
1977,1976,1970,
1971,1972,1978,
1978,1977,1971,
1972,1973,1979,
1979,1978,1972,
1973,1974,1980,
1980,1979,1973,
1974,1975,1981,
1981,1980,1974,
1938,1976,1946,
1946,1945,1938,
1976,1977,1947,
1947,1946,1976,
1977,1978,1948,
1948,1947,1977,
1978,1979,1949,
1949,1948,1978,
1979,1980,1950,
1950,1949,1979,
1980,1981,1951,
1951,1950,1980,
1969,1954,1953,
1960,1958,1877,
1877,1876,1960,
1924,1853,1874,
1965,1924,1874,
1874,1900,1965,
1952,1965,1900,
1900,1899,1952,
1955,1952,1899,
1899,1879,1955,
1956,1955,1879,
1879,1878,1956,
1958,1956,1878,
1878,1877,1958,
1880,1884,1982,
1884,1909,1983,
1983,1982,1884,
1909,1905,1984,
1984,1983,1909,
1905,1904,1985,
1985,1984,1905,
1904,1901,1986,
1986,1985,1904,
1901,1898,1915,
1915,1986,1901,
1983,1987,1988,
1984,1985,1989,
1989,1987,1984,
1985,1986,1990,
1990,1989,1985,
1986,1915,1920,
1920,1990,1986,
1989,1990,1991,
1991,1992,1989,
1990,1920,1923,
1923,1991,1990,
1880,1982,1993,
1988,1982,1983,
1987,1983,1984,
1993,1982,1994,
1994,1995,1993,
1982,1988,1994,
1995,1994,1996,
1996,1997,1995,
1994,1988,1998,
1998,1996,1994,
1988,1999,1998,
1987,1989,1992,
1992,1999,1987,
1997,1996,2000,
2000,2001,1997,
1996,1998,2002,
2002,2000,1996,
1998,1999,2003,
2003,2002,1998,
1999,1992,2004,
2004,2003,1999,
1992,1991,2005,
2005,2004,1992,
1991,1923,1937,
1937,2005,1991,
2001,2000,2006,
2006,2007,2001,
2000,2002,2008,
2008,2006,2000,
2002,2003,2009,
2009,2008,2002,
2003,2004,2010,
2010,2009,2003,
2004,2005,2011,
2011,2010,2004,
2005,1937,1944,
1944,2011,2005,
2007,2006,2012,
2012,2013,2007,
2006,2008,2014,
2014,2012,2006,
2008,2009,2015,
2015,2014,2008,
2009,2010,2016,
2016,2015,2009,
2010,2011,2017,
2017,2016,2010,
2011,1944,1951,
1951,2017,2011,
1999,1988,1987,
2018,2019,2020,
2019,2021,2022,
2022,2023,2019,
2021,2024,2025,
2025,2022,2021,
2024,1961,1960,
1960,2025,2024,
2026,2027,2024,
2024,2021,2026,
2027,1964,1961,
1961,2024,2027,
2020,2028,2018,
2023,2020,2019,
1995,2029,2028,
2028,1993,1995,
2029,2018,2028,
1997,2030,2029,
2029,1995,1997,
2030,2031,2018,
2018,2029,2030,
2031,2032,2018,
2032,2026,2021,
2021,2019,2032,
2001,2033,2030,
2030,1997,2001,
2033,2034,2031,
2031,2030,2033,
2034,2035,2032,
2032,2031,2034,
2035,2036,2026,
2026,2032,2035,
2036,2037,2027,
2027,2026,2036,
2037,1975,1964,
1964,2027,2037,
2007,2038,2033,
2033,2001,2007,
2038,2039,2034,
2034,2033,2038,
2039,2040,2035,
2035,2034,2039,
2040,2041,2036,
2036,2035,2040,
2041,2042,2037,
2037,2036,2041,
2042,1981,1975,
1975,2037,2042,
2013,2012,2038,
2038,2007,2013,
2012,2014,2039,
2039,2038,2012,
2014,2015,2040,
2040,2039,2014,
2015,2016,2041,
2041,2040,2015,
2016,2017,2042,
2042,2041,2016,
2017,1951,1981,
1981,2042,2017,
2019,2018,2032,
1876,1907,2025,
2025,1960,1876,
1896,1880,1993,
1897,1896,1993,
1993,2028,1897,
1902,1897,2028,
2028,2020,1902,
1903,1902,2020,
2020,2023,1903,
1906,1903,2023,
2023,2022,1906,
1907,1906,2022,
2022,2025,1907,
2043,2044,2045,
2045,2046,2043,
2047,2048,2049,
2049,2050,2047,
2051,2052,2053,
2053,2048,2051,
2054,2051,2048,
2048,2047,2054,
2055,2056,2052,
2052,2051,2055,
2057,2055,2051,
2051,2054,2057,
2058,2059,2056,
2056,2055,2058,
2060,2058,2055,
2055,2057,2060,
2061,2062,2059,
2059,2058,2061,
2063,2061,2058,
2058,2060,2063,
2064,2065,2062,
2062,2061,2064,
2066,2064,2061,
2061,2063,2066,
2067,2068,2069,
2069,2070,2067,
2071,2067,2064,
2064,2066,2071,
2050,2049,2067,
2067,2071,2050,
2071,2066,2063,
2063,2060,2071,
2072,2073,2053,
2053,2074,2072,
2075,2076,2074,
2074,2077,2075,
2074,2053,2052,
2052,2078,2074,
2077,2074,2078,
2078,2079,2077,
2078,2052,2056,
2056,2080,2078,
2079,2078,2080,
2080,2081,2079,
2080,2056,2059,
2059,2082,2080,
2081,2080,2082,
2082,2083,2081,
2082,2059,2062,
2062,2084,2082,
2083,2082,2084,
2084,2085,2083,
2084,2062,2065,
2065,2086,2084,
2085,2084,2086,
2086,2087,2085,
2086,2065,2088,
2088,2089,2086,
2087,2086,2090,
2090,2091,2087,
2091,2090,2076,
2076,2075,2091,
2075,2077,2079,
2079,2081,2075,
2043,2046,2049,
2049,2048,2043,
2067,2070,2092,
2092,2093,2067,
2071,2060,2057,
2057,2054,2071,
2072,2074,2076,
2076,2094,2072,
2086,2089,2095,
2095,2096,2086,
2075,2081,2083,
2083,2085,2075,
2043,2048,2053,
2053,2073,2043,
2067,2093,2088,
2088,2065,2067,
2071,2054,2047,
2047,2050,2071,
2072,2094,2097,
2097,2098,2072,
2086,2096,2099,
2099,2100,2086,
2075,2085,2087,
2087,2091,2075,
2043,2073,2101,
2067,2065,2064,
2072,2098,2102,
2086,2100,2090,
2103,2104,2101,
2101,2073,2103,
2104,2105,2043,
2043,2101,2104,
2105,2106,2044,
2044,2043,2105,
2106,2107,2045,
2045,2044,2106,
2107,2108,2046,
2046,2045,2107,
2109,2049,2108,
2110,2111,2104,
2104,2103,2110,
2111,2112,2105,
2105,2104,2111,
2112,2113,2106,
2106,2105,2112,
2113,2107,2106,
2114,2108,2107,
2115,2116,2109,
2109,2108,2115,
2117,2118,2111,
2111,2110,2117,
2118,2119,2112,
2112,2111,2118,
2119,2120,2113,
2113,2112,2119,
2120,2114,2113,
2121,2122,2115,
2115,2114,2121,
2122,2123,2116,
2116,2115,2122,
2124,2125,2118,
2118,2117,2124,
2125,2126,2119,
2119,2118,2125,
2126,2127,2120,
2120,2119,2126,
2127,2128,2121,
2121,2120,2127,
2128,2129,2122,
2122,2121,2128,
2129,2130,2123,
2123,2122,2129,
2131,2132,2125,
2125,2124,2131,
2132,2133,2126,
2126,2125,2132,
2133,2134,2127,
2127,2126,2133,
2134,2135,2128,
2128,2127,2134,
2135,2136,2129,
2129,2128,2135,
2136,2137,2130,
2130,2129,2136,
2138,2139,2132,
2132,2131,2138,
2139,2140,2133,
2133,2132,2139,
2140,2141,2134,
2134,2133,2140,
2141,2142,2135,
2135,2134,2141,
2142,2143,2136,
2136,2135,2142,
2143,2144,2136,
2046,2108,2049,
2115,2108,2114,
2114,2107,2113,
2121,2114,2120,
2144,2137,2136,
2145,2146,2147,
2147,2148,2145,
2146,2149,2150,
2150,2147,2146,
2149,2151,2152,
2152,2150,2149,
2151,2153,2152,
2153,2154,2155,
2154,2109,2116,
2116,2156,2154,
2148,2147,2157,
2157,2158,2148,
2147,2150,2159,
2159,2157,2147,
2150,2152,2160,
2160,2159,2150,
2152,2155,2160,
2155,2156,2161,
2161,2162,2155,
2156,2116,2123,
2123,2161,2156,
2158,2157,2163,
2163,2164,2158,
2157,2159,2165,
2165,2163,2157,
2159,2160,2166,
2166,2165,2159,
2160,2162,2167,
2167,2166,2160,
2162,2161,2168,
2168,2167,2162,
2161,2123,2130,
2130,2168,2161,
2164,2163,2169,
2169,2170,2164,
2163,2165,2171,
2171,2169,2163,
2165,2166,2172,
2172,2171,2165,
2166,2167,2173,
2173,2172,2166,
2167,2168,2174,
2174,2173,2167,
2168,2130,2137,
2137,2174,2168,
2170,2169,2139,
2139,2138,2170,
2169,2171,2140,
2140,2139,2169,
2171,2172,2141,
2141,2140,2171,
2172,2173,2142,
2142,2141,2172,
2173,2174,2143,
2143,2142,2173,
2174,2144,2143,
2155,2154,2156,
2152,2153,2155,
2160,2155,2162,
2174,2137,2144,
2067,2109,2154,
2154,2068,2067,
2146,2145,2088,
2088,2093,2146,
2149,2146,2093,
2093,2092,2149,
2151,2149,2092,
2092,2070,2151,
2153,2151,2070,
2070,2069,2153,
2154,2153,2069,
2069,2068,2154,
2067,2049,2109,
2073,2072,2175,
2175,2103,2073,
2072,2102,2176,
2176,2175,2072,
2102,2098,2177,
2177,2176,2102,
2098,2097,2178,
2178,2177,2098,
2097,2094,2179,
2179,2178,2097,
2179,2076,2180,
2103,2175,2181,
2181,2110,2103,
2175,2176,2182,
2182,2181,2175,
2176,2177,2183,
2183,2182,2176,
2177,2178,2183,
2178,2179,2184,
2179,2180,2185,
2185,2186,2179,
2110,2181,2187,
2187,2117,2110,
2181,2182,2188,
2188,2187,2181,
2182,2183,2189,
2189,2188,2182,
2183,2184,2189,
2184,2186,2190,
2190,2191,2184,
2186,2185,2192,
2192,2190,2186,
2117,2187,2193,
2193,2124,2117,
2187,2188,2194,
2194,2193,2187,
2188,2189,2195,
2195,2194,2188,
2189,2191,2196,
2196,2195,2189,
2191,2190,2197,
2197,2196,2191,
2190,2192,2198,
2198,2197,2190,
2124,2193,2199,
2199,2131,2124,
2193,2194,2200,
2200,2199,2193,
2194,2195,2201,
2201,2200,2194,
2195,2196,2202,
2202,2201,2195,
2196,2197,2203,
2203,2202,2196,
2197,2198,2204,
2204,2203,2197,
2131,2199,2205,
2205,2138,2131,
2199,2200,2206,
2206,2205,2199,
2200,2201,2207,
2207,2206,2200,
2201,2202,2208,
2208,2207,2201,
2202,2203,2209,
2209,2208,2202,
2203,2210,2209,
2076,2179,2094,
2184,2179,2186,
2183,2178,2184,
2189,2184,2191,
2203,2204,2210,
2148,2211,2212,
2212,2145,2148,
2211,2213,2214,
2214,2212,2211,
2213,2215,2216,
2216,2214,2213,
2215,2217,2216,
2218,2219,2217,
2220,2185,2180,
2180,2219,2220,
2158,2221,2211,
2211,2148,2158,
2221,2222,2213,
2213,2211,2221,
2222,2223,2215,
2215,2213,2222,
2223,2218,2215,
2224,2225,2220,
2220,2218,2224,
2225,2192,2185,
2185,2220,2225,
2164,2226,2221,
2221,2158,2164,
2226,2227,2222,
2222,2221,2226,
2227,2228,2223,
2223,2222,2227,
2228,2229,2224,
2224,2223,2228,
2229,2230,2225,
2225,2224,2229,
2230,2198,2192,
2192,2225,2230,
2170,2231,2226,
2226,2164,2170,
2231,2232,2227,
2227,2226,2231,
2232,2233,2228,
2228,2227,2232,
2233,2234,2229,
2229,2228,2233,
2234,2235,2230,
2230,2229,2234,
2235,2204,2198,
2198,2230,2235,
2138,2205,2231,
2231,2170,2138,
2205,2206,2232,
2232,2231,2205,
2206,2207,2233,
2233,2232,2206,
2207,2208,2234,
2234,2233,2207,
2208,2209,2235,
2235,2234,2208,
2209,2210,2235,
2220,2219,2218,
2218,2217,2215,
2224,2218,2223,
2210,2204,2235,
2100,2219,2180,
2180,2090,2100,
2089,2088,2145,
2145,2212,2089,
2095,2089,2212,
2212,2214,2095,
2096,2095,2214,
2214,2216,2096,
2099,2096,2216,
2216,2217,2099,
2100,2099,2217,
2217,2219,2100,
2180,2076,2090,
2236,2237,2238,
2238,2239,2236,
2240,2241,2242,
2242,2243,2240,
2244,2245,2237,
2237,2236,2244,
2246,2244,2236,
2236,2247,2246,
2248,2249,2245,
2245,2244,2248,
2250,2248,2244,
2244,2246,2250,
2251,2252,2249,
2249,2248,2251,
2253,2251,2248,
2248,2250,2253,
2254,2255,2252,
2252,2251,2254,
2256,2254,2251,
2251,2253,2256,
2257,2258,2255,
2255,2254,2257,
2259,2257,2254,
2254,2256,2259,
2260,2261,2258,
2258,2257,2260,
2262,2263,2264,
2264,2265,2262,
2239,2238,2261,
2261,2260,2239,
2237,2245,2249,
2249,2252,2237,
2266,2267,2268,
2268,2269,2266,
2270,2266,2269,
2269,2247,2270,
2269,2268,2271,
2271,2272,2269,
2247,2269,2272,
2272,2246,2247,
2272,2271,2273,
2273,2274,2272,
2246,2272,2274,
2274,2250,2246,
2274,2273,2275,
2275,2276,2274,
2250,2274,2276,
2276,2253,2250,
2276,2275,2277,
2277,2278,2276,
2253,2276,2278,
2278,2256,2253,
2278,2277,2279,
2279,2280,2278,
2256,2278,2280,
2280,2259,2256,
2280,2279,2281,
2281,2282,2280,
2259,2280,2282,
2282,2283,2259,
2282,2281,2267,
2267,2266,2282,
2267,2281,2279,
2279,2277,2267,
2240,2243,2284,
2284,2247,2240,
2262,2265,2285,
2285,2286,2262,
2237,2252,2255,
2255,2258,2237,
2270,2247,2284,
2284,2287,2270,
2259,2283,2288,
2288,2289,2259,
2267,2277,2275,
2275,2273,2267,
2240,2247,2236,
2236,2239,2240,
2262,2286,2260,
2260,2257,2262,
2237,2258,2261,
2261,2238,2237,
2270,2287,2290,
2290,2291,2270,
2259,2289,2292,
2292,2293,2259,
2267,2273,2271,
2271,2268,2267,
2240,2239,2294,
2262,2257,2259,
2270,2291,2295,
2259,2293,2262,
2296,2294,2239,
2296,2297,2240,
2240,2294,2296,
2297,2298,2241,
2241,2240,2297,
2298,2299,2242,
2242,2241,2298,
2299,2300,2243,
2243,2242,2299,
2300,2301,2284,
2284,2243,2300,
2302,2303,2297,
2303,2304,2299,
2299,2298,2303,
2304,2305,2300,
2300,2299,2304,
2305,2306,2301,
2301,2300,2305,
2307,2308,2305,
2305,2304,2307,
2308,2309,2306,
2306,2305,2308,
2310,2296,2239,
2297,2296,2302,
2298,2297,2303,
2311,2312,2296,
2296,2310,2311,
2312,2302,2296,
2313,2314,2312,
2312,2311,2313,
2314,2315,2302,
2302,2312,2314,
2315,2316,2302,
2316,2307,2304,
2304,2303,2316,
2317,2318,2314,
2314,2313,2317,
2318,2319,2315,
2315,2314,2318,
2319,2320,2316,
2316,2315,2319,
2320,2321,2307,
2307,2316,2320,
2321,2322,2308,
2308,2307,2321,
2322,2323,2309,
2309,2308,2322,
2324,2325,2318,
2318,2317,2324,
2325,2326,2319,
2319,2318,2325,
2326,2327,2320,
2320,2319,2326,
2327,2328,2321,
2321,2320,2327,
2328,2329,2322,
2322,2321,2328,
2329,2330,2323,
2323,2322,2329,
2331,2332,2325,
2325,2324,2331,
2332,2333,2326,
2326,2325,2332,
2333,2334,2327,
2327,2326,2333,
2334,2335,2328,
2328,2327,2334,
2335,2336,2329,
2329,2328,2335,
2336,2337,2330,
2330,2329,2336,
2303,2302,2316,
2338,2339,2340,
2341,2342,2343,
2343,2339,2341,
2342,2344,2345,
2345,2343,2342,
2344,2346,2347,
2347,2345,2344,
2343,2345,2348,
2348,2349,2343,
2345,2347,2350,
2350,2348,2345,
2340,2351,2338,
2339,2338,2341,
2310,2351,2352,
2352,2311,2310,
2351,2340,2352,
2311,2352,2353,
2353,2313,2311,
2352,2340,2354,
2354,2353,2352,
2340,2355,2354,
2339,2343,2349,
2349,2355,2339,
2313,2353,2356,
2356,2317,2313,
2353,2354,2357,
2357,2356,2353,
2354,2355,2358,
2358,2357,2354,
2355,2349,2359,
2359,2358,2355,
2349,2348,2360,
2360,2359,2349,
2348,2350,2361,
2361,2360,2348,
2317,2356,2362,
2362,2324,2317,
2356,2357,2363,
2363,2362,2356,
2357,2358,2364,
2364,2363,2357,
2358,2359,2365,
2365,2364,2358,
2359,2360,2366,
2366,2365,2359,
2360,2361,2367,
2367,2366,2360,
2324,2362,2332,
2332,2331,2324,
2362,2363,2333,
2333,2332,2362,
2363,2364,2334,
2334,2333,2363,
2364,2365,2335,
2335,2334,2364,
2365,2366,2336,
2336,2335,2365,
2366,2367,2337,
2337,2336,2366,
2355,2340,2339,
2346,2344,2263,
2263,2262,2346,
2310,2239,2260,
2351,2310,2260,
2260,2286,2351,
2338,2351,2286,
2286,2285,2338,
2341,2338,2285,
2285,2265,2341,
2342,2341,2265,
2265,2264,2342,
2344,2342,2264,
2264,2263,2344,
2266,2270,2368,
2270,2295,2369,
2369,2368,2270,
2295,2291,2370,
2370,2369,2295,
2291,2290,2371,
2371,2370,2291,
2290,2287,2372,
2372,2371,2290,
2287,2284,2301,
2301,2372,2287,
2369,2373,2374,
2370,2371,2375,
2375,2373,2370,
2371,2372,2376,
2376,2375,2371,
2372,2301,2306,
2306,2376,2372,
2375,2376,2377,
2377,2378,2375,
2376,2306,2309,
2309,2377,2376,
2266,2368,2379,
2374,2368,2369,
2373,2369,2370,
2379,2368,2380,
2380,2381,2379,
2368,2374,2380,
2381,2380,2382,
2382,2383,2381,
2380,2374,2384,
2384,2382,2380,
2374,2385,2384,
2373,2375,2378,
2378,2385,2373,
2383,2382,2386,
2386,2387,2383,
2382,2384,2388,
2388,2386,2382,
2384,2385,2389,
2389,2388,2384,
2385,2378,2390,
2390,2389,2385,
2378,2377,2391,
2391,2390,2378,
2377,2309,2323,
2323,2391,2377,
2387,2386,2392,
2392,2393,2387,
2386,2388,2394,
2394,2392,2386,
2388,2389,2395,
2395,2394,2388,
2389,2390,2396,
2396,2395,2389,
2390,2391,2397,
2397,2396,2390,
2391,2323,2330,
2330,2397,2391,
2393,2392,2398,
2398,2399,2393,
2392,2394,2400,
2400,2398,2392,
2394,2395,2401,
2401,2400,2394,
2395,2396,2402,
2402,2401,2395,
2396,2397,2403,
2403,2402,2396,
2397,2330,2337,
2337,2403,2397,
2385,2374,2373,
2404,2405,2406,
2405,2407,2408,
2408,2409,2405,
2407,2410,2411,
2411,2408,2407,
2410,2347,2346,
2346,2411,2410,
2412,2413,2410,
2410,2407,2412,
2413,2350,2347,
2347,2410,2413,
2406,2414,2404,
2409,2406,2405,
2381,2415,2414,
2414,2379,2381,
2415,2404,2414,
2383,2416,2415,
2415,2381,2383,
2416,2417,2404,
2404,2415,2416,
2417,2418,2404,
2418,2412,2407,
2407,2405,2418,
2387,2419,2416,
2416,2383,2387,
2419,2420,2417,
2417,2416,2419,
2420,2421,2418,
2418,2417,2420,
2421,2422,2412,
2412,2418,2421,
2422,2423,2413,
2413,2412,2422,
2423,2361,2350,
2350,2413,2423,
2393,2424,2419,
2419,2387,2393,
2424,2425,2420,
2420,2419,2424,
2425,2426,2421,
2421,2420,2425,
2426,2427,2422,
2422,2421,2426,
2427,2428,2423,
2423,2422,2427,
2428,2367,2361,
2361,2423,2428,
2399,2398,2424,
2424,2393,2399,
2398,2400,2425,
2425,2424,2398,
2400,2401,2426,
2426,2425,2400,
2401,2402,2427,
2427,2426,2401,
2402,2403,2428,
2428,2427,2402,
2403,2337,2367,
2367,2428,2403,
2405,2404,2418,
2262,2293,2411,
2411,2346,2262,
2282,2266,2379,
2283,2282,2379,
2379,2414,2283,
2288,2283,2414,
2414,2406,2288,
2289,2288,2406,
2406,2409,2289,
2292,2289,2409,
2409,2408,2292,
2293,2292,2408,
2408,2411,2293,
2429,2430,2431,
2431,2432,2429,
2433,2434,2435,
2435,2436,2433,
2432,2431,2437,
2437,2438,2432,
2439,2432,2438,
2438,2440,2439,
2435,2439,2440,
2440,2441,2435,
2436,2435,2441,
2441,2442,2436,
2438,2437,2443,
2443,2444,2438,
2440,2438,2444,
2444,2445,2440,
2441,2440,2445,
2445,2446,2441,
2442,2441,2446,
2446,2447,2442,
2444,2443,2448,
2448,2449,2444,
2445,2444,2449,
2449,2450,2445,
2446,2445,2450,
2450,2451,2446,
2447,2446,2451,
2451,2452,2447,
2449,2448,2453,
2453,2454,2449,
2450,2449,2454,
2454,2455,2450,
2451,2450,2455,
2455,2456,2451,
2452,2451,2456,
2456,2457,2452,
2454,2453,2458,
2458,2459,2454,
2457,2456,2460,
2460,2461,2457,
2459,2458,2462,
2462,2463,2459,
2461,2460,2464,
2464,2465,2461,
2463,2462,2430,
2430,2429,2463,
2465,2464,2434,
2434,2433,2465,
2430,2462,2458,
2458,2453,2430,
2433,2436,2442,
2442,2447,2433,
2463,2429,2466,
2466,2467,2463,
2466,2434,2464,
2464,2467,2466,
2468,2469,2470,
2466,2429,2432,
2432,2439,2466,
2435,2434,2466,
2466,2439,2435,
2471,2472,2473,
2473,2474,2471,
2471,2467,2464,
2464,2460,2471,
2430,2453,2448,
2448,2443,2430,
2433,2447,2452,
2452,2457,2433,
2471,2474,2459,
2459,2463,2471,
2471,2460,2470,
2470,2469,2471,
2430,2443,2437,
2437,2431,2430,
2433,2457,2461,
2461,2465,2433,
2471,2463,2467,
2471,2469,2475,
2476,2477,2478,
2478,2479,2476,
2476,2480,2481,
2481,2477,2476,
2481,2480,2482,
2482,2483,2484,
2484,2485,2482,
2485,2486,2481,
2481,2482,2485,
2481,2486,2487,
2487,2477,2481,
2478,2477,2487,
2487,2488,2478,
2488,2487,2489,
2489,2490,2488,
2489,2487,2486,
2486,2468,2489,
2468,2486,2485,
2485,2491,2468,
2491,2485,2484,
2484,2492,2491,
2493,2494,2495,
2495,2496,2493,
2496,2495,2497,
2497,2459,2474,
2474,2473,2496,
2496,2497,2474,
2473,2472,2493,
2493,2496,2473,
2493,2472,2471,
2471,2492,2493,
2492,2471,2475,
2475,2491,2492,
2491,2475,2469,
2469,2468,2491,
2470,2489,2468,
2489,2470,2460,
2460,2490,2489,
2484,2483,2494,
2494,2493,2492,
2492,2484,2494,
2479,2478,2498,
2498,2476,2479,
2498,2499,2480,
2480,2476,2498,
2482,2480,2499,
2500,2501,2483,
2483,2482,2500,
2482,2499,2502,
2502,2500,2482,
2498,2503,2502,
2502,2499,2498,
2488,2503,2498,
2498,2478,2488,
2490,2504,2503,
2503,2488,2490,
2505,2502,2503,
2503,2504,2505,
2506,2500,2502,
2502,2505,2506,
2507,2501,2500,
2500,2506,2507,
2508,2495,2494,
2494,2509,2508,
2497,2495,2508,
2494,2483,2501,
2501,2507,2509,
2509,2494,2501,
2497,2508,2509,
2509,2455,2497,
2504,2490,2456,
2506,2505,2504,
2504,2456,2506,
2507,2506,2455,
2509,2507,2455,
2490,2460,2456,
2497,2454,2459,
2497,2455,2454,
2506,2456,2455,
